-8,0000	-2,9730
-7,9950	-2,9665
-7,9900	-2,9585
-7,9850	-2,9492
-7,9800	-2,9395
-7,9750	-2,9320
-7,9700	-2,9255
-7,9650	-2,9212
-7,9600	-2,9192
-7,9550	-2,9175
-7,9500	-2,9162
-7,9450	-2,9145
-7,9400	-2,9117
-7,9350	-2,9072
-7,9300	-2,9037
-7,9250	-2,9010
-7,9200	-2,9002
-7,9150	-2,8995
-7,9100	-2,8970
-7,9050	-2,8867
-7,9000	-2,8755
-7,8950	-2,8630
-7,8900	-2,8540
-7,8850	-2,8472
-7,8800	-2,8435
-7,8750	-2,8410
-7,8700	-2,8397
-7,8650	-2,8385
-7,8600	-2,8375
-7,8550	-2,8372
-7,8500	-2,8372
-7,8450	-2,8370
-7,8400	-2,8360
-7,8350	-2,8362
-7,8300	-2,8340
-7,8250	-2,8295
-7,8200	-2,8277
-7,8150	-2,8255
-7,8100	-2,8227
-7,8050	-2,8197
-7,8000	-2,8145
-7,7950	-2,8062
-7,7900	-2,8015
-7,7850	-2,7982
-7,7800	-2,7955
-7,7750	-2,7935
-7,7700	-2,7910
-7,7650	-2,7850
-7,7600	-2,7807
-7,7550	-2,7780
-7,7500	-2,7765
-7,7450	-2,7680
-7,7400	-2,7535
-7,7350	-2,7357
-7,7300	-2,7165
-7,7250	-2,7040
-7,7200	-2,6985
-7,7150	-2,6972
-7,7100	-2,6970
-7,7050	-2,6970
-7,7000	-2,6965
-7,6950	-2,6920
-7,6900	-2,6835
-7,6850	-2,6712
-7,6800	-2,6580
-7,6750	-2,6525
-7,6700	-2,6480
-7,6650	-2,6440
-7,6600	-2,6400
-7,6550	-2,6357
-7,6500	-2,6307
-7,6450	-2,6272
-7,6400	-2,6240
-7,6350	-2,6185
-7,6300	-2,6145
-7,6250	-2,6120
-7,6200	-2,6070
-7,6150	-2,6015
-7,6100	-2,5957
-7,6050	-2,5915
-7,6000	-2,5867
-7,5950	-2,5805
-7,5900	-2,5755
-7,5850	-2,5710
-7,5800	-2,5687
-7,5750	-2,5670
-7,5700	-2,5657
-7,5650	-2,5617
-7,5600	-2,5530
-7,5550	-2,5402
-7,5500	-2,5297
-7,5450	-2,5200
-7,5400	-2,5142
-7,5350	-2,5110
-7,5300	-2,5115
-7,5250	-2,5100
-7,5200	-2,5095
-7,5150	-2,5095
-7,5100	-2,5070
-7,5050	-2,5040
-7,5000	-2,5005
-7,4950	-2,4895
-7,4900	-2,4787
-7,4850	-2,4695
-7,4800	-2,4630
-7,4750	-2,4580
-7,4700	-2,4545
-7,4650	-2,4485
-7,4600	-2,4390
-7,4550	-2,4275
-7,4500	-2,4150
-7,4450	-2,4025
-7,4400	-2,3900
-7,4350	-2,3795
-7,4300	-2,3747
-7,4250	-2,3782
-7,4200	-2,3745
-7,4150	-2,3715
-7,4100	-2,3697
-7,4050	-2,3705
-7,4000	-2,3695
-7,3950	-2,3670
-7,3900	-2,3655
-7,3850	-2,3647
-7,3800	-2,3640
-7,3750	-2,3640
-7,3700	-2,3615
-7,3650	-2,3577
-7,3600	-2,3545
-7,3550	-2,3520
-7,3500	-2,3497
-7,3450	-2,3442
-7,3400	-2,3385
-7,3350	-2,3320
-7,3300	-2,3290
-7,3250	-2,3270
-7,3200	-2,3255
-7,3150	-2,3265
-7,3100	-2,3247
-7,3050	-2,3192
-7,3000	-2,3117
-7,2950	-2,3035
-7,2900	-2,2932
-7,2850	-2,2852
-7,2800	-2,2795
-7,2750	-2,2750
-7,2700	-2,2705
-7,2650	-2,2657
-7,2600	-2,2605
-7,2550	-2,2552
-7,2500	-2,2515
-7,2450	-2,2485
-7,2400	-2,2455
-7,2350	-2,2420
-7,2300	-2,2367
-7,2250	-2,2300
-7,2200	-2,2230
-7,2150	-2,2170
-7,2100	-2,2125
-7,2050	-2,2097
-7,2000	-2,2080
-7,1950	-2,2080
-7,1900	-2,2042
-7,1850	-2,1987
-7,1800	-2,1905
-7,1750	-2,1830
-7,1700	-2,1765
-7,1650	-2,1720
-7,1600	-2,1675
-7,1550	-2,1630
-7,1500	-2,1572
-7,1450	-2,1525
-7,1400	-2,1497
-7,1350	-2,1477
-7,1300	-2,1452
-7,1250	-2,1420
-7,1200	-2,1330
-7,1150	-2,1225
-7,1100	-2,1087
-7,1050	-2,0967
-7,1000	-2,0895
-7,0950	-2,0852
-7,0900	-2,0825
-7,0850	-2,0790
-7,0800	-2,0747
-7,0750	-2,0705
-7,0700	-2,0657
-7,0650	-2,0615
-7,0600	-2,0572
-7,0550	-2,0515
-7,0500	-2,0455
-7,0450	-2,0387
-7,0400	-2,0310
-7,0350	-2,0227
-7,0300	-2,0135
-7,0250	-2,0072
-7,0200	-2,0037
-7,0150	-2,0020
-7,0100	-2,0007
-7,0050	-1,9995
-7,0000	-1,9957
-6,9950	-1,9917
-6,9900	-1,9867
-6,9850	-1,9800
-6,9800	-1,9737
-6,9750	-1,9695
-6,9700	-1,9647
-6,9650	-1,9595
-6,9600	-1,9527
-6,9550	-1,9455
-6,9500	-1,9385
-6,9450	-1,9345
-6,9400	-1,9290
-6,9350	-1,9222
-6,9300	-1,9087
-6,9250	-1,8937
-6,9200	-1,8805
-6,9150	-1,8690
-6,9100	-1,8665
-6,9050	-1,8640
-6,9000	-1,8612
-6,8950	-1,8565
-6,8900	-1,8522
-6,8850	-1,8490
-6,8800	-1,8507
-6,8750	-1,8482
-6,8700	-1,8435
-6,8650	-1,8410
-6,8600	-1,8407
-6,8550	-1,8412
-6,8500	-1,8400
-6,8450	-1,8345
-6,8400	-1,8275
-6,8350	-1,8195
-6,8300	-1,8105
-6,8250	-1,8010
-6,8200	-1,7955
-6,8150	-1,7917
-6,8100	-1,7900
-6,8050	-1,7882
-6,8000	-1,7865
-6,7950	-1,7842
-6,7900	-1,7805
-6,7850	-1,7752
-6,7800	-1,7675
-6,7750	-1,7580
-6,7700	-1,7472
-6,7650	-1,7412
-6,7600	-1,7365
-6,7550	-1,7330
-6,7500	-1,7315
-6,7450	-1,7280
-6,7400	-1,7202
-6,7350	-1,7110
-6,7300	-1,7017
-6,7250	-1,6945
-6,7200	-1,6887
-6,7150	-1,6850
-6,7100	-1,6840
-6,7050	-1,6830
-6,7000	-1,6820
-6,6950	-1,6810
-6,6900	-1,6785
-6,6850	-1,6747
-6,6800	-1,6712
-6,6750	-1,6677
-6,6700	-1,6640
-6,6650	-1,6582
-6,6600	-1,6525
-6,6550	-1,6465
-6,6500	-1,6425
-6,6450	-1,6392
-6,6400	-1,6365
-6,6350	-1,6335
-6,6300	-1,6292
-6,6250	-1,6222
-6,6200	-1,6155
-6,6150	-1,6092
-6,6100	-1,6017
-6,6050	-1,5935
-6,6000	-1,5847
-6,5950	-1,5792
-6,5900	-1,5745
-6,5850	-1,5695
-6,5800	-1,5665
-6,5750	-1,5635
-6,5700	-1,5592
-6,5650	-1,5575
-6,5600	-1,5565
-6,5550	-1,5542
-6,5500	-1,5530
-6,5450	-1,5510
-6,5400	-1,5457
-6,5350	-1,5395
-6,5300	-1,5325
-6,5250	-1,5255
-6,5200	-1,5187
-6,5150	-1,5117
-6,5100	-1,5057
-6,5050	-1,5005
-6,5000	-1,4965
-6,4950	-1,4927
-6,4900	-1,4887
-6,4850	-1,4842
-6,4800	-1,4787
-6,4750	-1,4730
-6,4700	-1,4687
-6,4650	-1,4622
-6,4600	-1,4542
-6,4550	-1,4422
-6,4500	-1,4312
-6,4450	-1,4220
-6,4400	-1,4180
-6,4350	-1,4167
-6,4300	-1,4170
-6,4250	-1,4162
-6,4200	-1,4137
-6,4150	-1,4082
-6,4100	-1,3992
-6,4050	-1,3890
-6,4000	-1,3775
-6,3950	-1,3690
-6,3900	-1,3645
-6,3850	-1,3622
-6,3800	-1,3600
-6,3750	-1,3572
-6,3700	-1,3562
-6,3650	-1,3542
-6,3600	-1,3512
-6,3550	-1,3482
-6,3500	-1,3455
-6,3450	-1,3430
-6,3400	-1,3427
-6,3350	-1,3415
-6,3300	-1,3387
-6,3250	-1,3327
-6,3200	-1,3275
-6,3150	-1,3237
-6,3100	-1,3197
-6,3050	-1,3167
-6,3000	-1,3145
-6,2950	-1,3135
-6,2900	-1,3082
-6,2850	-1,2990
-6,2800	-1,2857
-6,2750	-1,2725
-6,2700	-1,2675
-6,2650	-1,2632
-6,2600	-1,2595
-6,2550	-1,2555
-6,2500	-1,2500
-6,2450	-1,2437
-6,2400	-1,2392
-6,2350	-1,2347
-6,2300	-1,2300
-6,2250	-1,2255
-6,2200	-1,2207
-6,2150	-1,2162
-6,2100	-1,2110
-6,2050	-1,2055
-6,2000	-1,1997
-6,1950	-1,1937
-6,1900	-1,1880
-6,1850	-1,1840
-6,1800	-1,1805
-6,1750	-1,1770
-6,1700	-1,1735
-6,1650	-1,1687
-6,1600	-1,1632
-6,1550	-1,1565
-6,1500	-1,1495
-6,1450	-1,1422
-6,1400	-1,1347
-6,1350	-1,1270
-6,1300	-1,1187
-6,1250	-1,1107
-6,1200	-1,1030
-6,1150	-1,0965
-6,1100	-1,0922
-6,1050	-1,0890
-6,1000	-1,0880
-6,0950	-1,0852
-6,0900	-1,0820
-6,0850	-1,0790
-6,0800	-1,0767
-6,0750	-1,0750
-6,0700	-1,0722
-6,0650	-1,0682
-6,0600	-1,0630
-6,0550	-1,0552
-6,0500	-1,0492
-6,0450	-1,0442
-6,0400	-1,0352
-6,0350	-1,0255
-6,0300	-1,0150
-6,0250	-1,0097
-6,0200	-1,0065
-6,0150	-1,0052
-6,0100	-1,0040
-6,0050	-1,0025
-6,0000	-1,0007
-5,9950	-0,9987
-5,9900	-0,9957
-5,9850	-0,9920
-5,9800	-0,9875
-5,9750	-0,9827
-5,9700	-0,9782
-5,9650	-0,9775
-5,9600	-0,9772
-5,9550	-0,9775
-5,9500	-0,9765
-5,9450	-0,9720
-5,9400	-0,9650
-5,9350	-0,9515
-5,9300	-0,9365
-5,9250	-0,9170
-5,9200	-0,9010
-5,9150	-0,8907
-5,9100	-0,8867
-5,9050	-0,8857
-5,9000	-0,8850
-5,8950	-0,8840
-5,8900	-0,8825
-5,8850	-0,8810
-5,8800	-0,8780
-5,8750	-0,8742
-5,8700	-0,8695
-5,8650	-0,8627
-5,8600	-0,8572
-5,8550	-0,8542
-5,8500	-0,8495
-5,8450	-0,8445
-5,8400	-0,8397
-5,8350	-0,8340
-5,8300	-0,8290
-5,8250	-0,8277
-5,8200	-0,8260
-5,8150	-0,8247
-5,8100	-0,8245
-5,8050	-0,8220
-5,8000	-0,8180
-5,7950	-0,8130
-5,7900	-0,8042
-5,7850	-0,7957
-5,7800	-0,7882
-5,7750	-0,7817
-5,7700	-0,7755
-5,7650	-0,7702
-5,7600	-0,7662
-5,7550	-0,7632
-5,7500	-0,7610
-5,7450	-0,7585
-5,7400	-0,7552
-5,7350	-0,7495
-5,7300	-0,7420
-5,7250	-0,7337
-5,7200	-0,7287
-5,7150	-0,7230
-5,7100	-0,7167
-5,7050	-0,7117
-5,7000	-0,7065
-5,6950	-0,7007
-5,6900	-0,7000
-5,6850	-0,6960
-5,6800	-0,6892
-5,6750	-0,6777
-5,6700	-0,6677
-5,6650	-0,6617
-5,6600	-0,6575
-5,6550	-0,6547
-5,6500	-0,6532
-5,6450	-0,6505
-5,6400	-0,6475
-5,6350	-0,6450
-5,6300	-0,6417
-5,6250	-0,6385
-5,6200	-0,6352
-5,6150	-0,6295
-5,6100	-0,6230
-5,6050	-0,6160
-5,6000	-0,6117
-5,5950	-0,6085
-5,5900	-0,6065
-5,5850	-0,6065
-5,5800	-0,6062
-5,5750	-0,6055
-5,5700	-0,6030
-5,5650	-0,5980
-5,5600	-0,5907
-5,5550	-0,5827
-5,5500	-0,5747
-5,5450	-0,5667
-5,5400	-0,5590
-5,5350	-0,5512
-5,5300	-0,5430
-5,5250	-0,5370
-5,5200	-0,5315
-5,5150	-0,5255
-5,5100	-0,5197
-5,5050	-0,5142
-5,5000	-0,5105
-5,4950	-0,5047
-5,4900	-0,4982
-5,4850	-0,4937
-5,4800	-0,4882
-5,4750	-0,4822
-5,4700	-0,4760
-5,4650	-0,4700
-5,4600	-0,4635
-5,4550	-0,4572
-5,4500	-0,4502
-5,4450	-0,4425
-5,4400	-0,4365
-5,4350	-0,4300
-5,4300	-0,4225
-5,4250	-0,4177
-5,4200	-0,4140
-5,4150	-0,4115
-5,4100	-0,4110
-5,4050	-0,4110
-5,4000	-0,4102
-5,3950	-0,4035
-5,3900	-0,3950
-5,3850	-0,3837
-5,3800	-0,3740
-5,3750	-0,3655
-5,3700	-0,3610
-5,3650	-0,3572
-5,3600	-0,3542
-5,3550	-0,3520
-5,3500	-0,3497
-5,3450	-0,3472
-5,3400	-0,3445
-5,3350	-0,3422
-5,3300	-0,3385
-5,3250	-0,3317
-5,3200	-0,3242
-5,3150	-0,3172
-5,3100	-0,3120
-5,3050	-0,3100
-5,3000	-0,3090
-5,2950	-0,3075
-5,2900	-0,3037
-5,2850	-0,2980
-5,2800	-0,2895
-5,2750	-0,2832
-5,2700	-0,2780
-5,2650	-0,2740
-5,2600	-0,2735
-5,2550	-0,2730
-5,2500	-0,2700
-5,2450	-0,2687
-5,2400	-0,2652
-5,2350	-0,2592
-5,2300	-0,2555
-5,2250	-0,2515
-5,2200	-0,2475
-5,2150	-0,2460
-5,2100	-0,2445
-5,2050	-0,2420
-5,2000	-0,2372
-5,1950	-0,2300
-5,1900	-0,2205
-5,1850	-0,2115
-5,1800	-0,2032
-5,1750	-0,1967
-5,1700	-0,1890
-5,1650	-0,1825
-5,1600	-0,1782
-5,1550	-0,1750
-5,1500	-0,1715
-5,1450	-0,1672
-5,1400	-0,1612
-5,1350	-0,1552
-5,1300	-0,1500
-5,1250	-0,1417
-5,1200	-0,1322
-5,1150	-0,1212
-5,1100	-0,1112
-5,1050	-0,1020
-5,1000	-0,0950
-5,0950	-0,0887
-5,0900	-0,0832
-5,0850	-0,0787
-5,0800	-0,0745
-5,0750	-0,0705
-5,0700	-0,0685
-5,0650	-0,0667
-5,0600	-0,0652
-5,0550	-0,0635
-5,0500	-0,0590
-5,0450	-0,0527
-5,0400	-0,0470
-5,0350	-0,0422
-5,0300	-0,0385
-5,0250	-0,0352
-5,0200	-0,0325
-5,0150	-0,0292
-5,0100	-0,0250
-5,0050	-0,0222
-5,0000	-0,0190
-4,9950	-0,0130
-4,9900	-0,0070
-4,9850	-0,0005
-4,9800	0,0075
-4,9750	0,0158
-4,9700	0,0233
-4,9650	0,0258
-4,9600	0,0280
-4,9550	0,0300
-4,9500	0,0320
-4,9450	0,0365
-4,9400	0,0415
-4,9350	0,0463
-4,9300	0,0515
-4,9250	0,0558
-4,9200	0,0583
-4,9150	0,0618
-4,9100	0,0665
-4,9050	0,0728
-4,9000	0,0780
-4,8950	0,0835
-4,8900	0,0893
-4,8850	0,0928
-4,8800	0,0960
-4,8750	0,0995
-4,8700	0,1053
-4,8650	0,1123
-4,8600	0,1208
-4,8550	0,1270
-4,8500	0,1315
-4,8450	0,1340
-4,8400	0,1355
-4,8350	0,1368
-4,8300	0,1380
-4,8250	0,1405
-4,8200	0,1428
-4,8150	0,1455
-4,8100	0,1500
-4,8050	0,1558
-4,8000	0,1633
-4,7950	0,1763
-4,7900	0,1905
-4,7850	0,2065
-4,7800	0,2135
-4,7750	0,2168
-4,7700	0,2168
-4,7650	0,2175
-4,7600	0,2190
-4,7550	0,2213
-4,7500	0,2258
-4,7450	0,2320
-4,7400	0,2398
-4,7350	0,2498
-4,7300	0,2590
-4,7250	0,2668
-4,7200	0,2703
-4,7150	0,2723
-4,7100	0,2730
-4,7050	0,2745
-4,7000	0,2763
-4,6950	0,2788
-4,6900	0,2855
-4,6850	0,2948
-4,6800	0,3055
-4,6750	0,3145
-4,6700	0,3223
-4,6650	0,3285
-4,6600	0,3325
-4,6550	0,3350
-4,6500	0,3365
-4,6450	0,3395
-4,6400	0,3438
-4,6350	0,3490
-4,6300	0,3545
-4,6250	0,3598
-4,6200	0,3645
-4,6150	0,3700
-4,6100	0,3760
-4,6050	0,3820
-4,6000	0,3875
-4,5950	0,3938
-4,5900	0,4003
-4,5850	0,4055
-4,5800	0,4103
-4,5750	0,4145
-4,5700	0,4200
-4,5650	0,4250
-4,5600	0,4300
-4,5550	0,4353
-4,5500	0,4405
-4,5450	0,4463
-4,5400	0,4543
-4,5350	0,4615
-4,5300	0,4678
-4,5250	0,4708
-4,5200	0,4715
-4,5150	0,4715
-4,5100	0,4725
-4,5050	0,4735
-4,5000	0,4758
-4,4950	0,4793
-4,4900	0,4830
-4,4850	0,4890
-4,4800	0,4970
-4,4750	0,5070
-4,4700	0,5163
-4,4650	0,5245
-4,4600	0,5325
-4,4550	0,5390
-4,4500	0,5440
-4,4450	0,5430
-4,4400	0,5435
-4,4350	0,5453
-4,4300	0,5480
-4,4250	0,5470
-4,4200	0,5465
-4,4150	0,5500
-4,4100	0,5515
-4,4050	0,5523
-4,4000	0,5525
-4,3950	0,5588
-4,3900	0,5695
-4,3850	0,5848
-4,3800	0,5945
-4,3750	0,6025
-4,3700	0,6090
-4,3650	0,6140
-4,3600	0,6185
-4,3550	0,6225
-4,3500	0,6265
-4,3450	0,6335
-4,3400	0,6443
-4,3350	0,6533
-4,3300	0,6605
-4,3250	0,6650
-4,3200	0,6685
-4,3150	0,6718
-4,3100	0,6740
-4,3050	0,6763
-4,3000	0,6800
-4,2950	0,6858
-4,2900	0,6993
-4,2850	0,7120
-4,2800	0,7235
-4,2750	0,7303
-4,2700	0,7350
-4,2650	0,7375
-4,2600	0,7423
-4,2550	0,7473
-4,2500	0,7525
-4,2450	0,7618
-4,2400	0,7705
-4,2350	0,7788
-4,2300	0,7865
-4,2250	0,7925
-4,2200	0,7965
-4,2150	0,7970
-4,2100	0,7978
-4,2050	0,7985
-4,2000	0,7988
-4,1950	0,7998
-4,1900	0,8010
-4,1850	0,8023
-4,1800	0,8060
-4,1750	0,8115
-4,1700	0,8188
-4,1650	0,8308
-4,1600	0,8408
-4,1550	0,8475
-4,1500	0,8500
-4,1450	0,8508
-4,1400	0,8505
-4,1350	0,8515
-4,1300	0,8530
-4,1250	0,8555
-4,1200	0,8590
-4,1150	0,8643
-4,1100	0,8695
-4,1050	0,8748
-4,1000	0,8798
-4,0950	0,8838
-4,0900	0,8865
-4,0850	0,8883
-4,0800	0,8895
-4,0750	0,8908
-4,0700	0,8930
-4,0650	0,8960
-4,0600	0,8995
-4,0550	0,9040
-4,0500	0,9093
-4,0450	0,9150
-4,0400	0,9210
-4,0350	0,9258
-4,0300	0,9300
-4,0250	0,9338
-4,0200	0,9440
-4,0150	0,9558
-4,0100	0,9690
-4,0050	0,9793
-4,0000	0,9880
-3,9950	0,9943
-3,9900	0,9995
-3,9850	1,0040
-3,9800	1,0075
-3,9750	1,0123
-3,9700	1,0170
-3,9650	1,0215
-3,9600	1,0258
-3,9550	1,0300
-3,9500	1,0348
-3,9450	1,0385
-3,9400	1,0420
-3,9350	1,0453
-3,9300	1,0473
-3,9250	1,0503
-3,9200	1,0540
-3,9150	1,0603
-3,9100	1,0645
-3,9050	1,0685
-3,9000	1,0738
-3,8950	1,0803
-3,8900	1,0875
-3,8850	1,0955
-3,8800	1,1053
-3,8750	1,1145
-3,8700	1,1225
-3,8650	1,1280
-3,8600	1,1325
-3,8550	1,1365
-3,8500	1,1375
-3,8450	1,1385
-3,8400	1,1390
-3,8350	1,1400
-3,8300	1,1420
-3,8250	1,1450
-3,8200	1,1493
-3,8150	1,1545
-3,8100	1,1603
-3,8050	1,1670
-3,8000	1,1745
-3,7950	1,1825
-3,7900	1,1910
-3,7850	1,1958
-3,7800	1,1995
-3,7750	1,2028
-3,7700	1,2065
-3,7650	1,2118
-3,7600	1,2183
-3,7550	1,2248
-3,7500	1,2313
-3,7450	1,2373
-3,7400	1,2398
-3,7350	1,2418
-3,7300	1,2443
-3,7250	1,2490
-3,7200	1,2545
-3,7150	1,2598
-3,7100	1,2638
-3,7050	1,2660
-3,7000	1,2688
-3,6950	1,2723
-3,6900	1,2753
-3,6850	1,2788
-3,6800	1,2830
-3,6750	1,2885
-3,6700	1,2935
-3,6650	1,2983
-3,6600	1,3033
-3,6550	1,3078
-3,6500	1,3130
-3,6450	1,3200
-3,6400	1,3238
-3,6350	1,3280
-3,6300	1,3338
-3,6250	1,3370
-3,6200	1,3408
-3,6150	1,3458
-3,6100	1,3563
-3,6050	1,3663
-3,6000	1,3760
-3,5950	1,3850
-3,5900	1,3910
-3,5850	1,3943
-3,5800	1,3973
-3,5750	1,3990
-3,5700	1,4008
-3,5650	1,4033
-3,5600	1,4040
-3,5550	1,4045
-3,5500	1,4053
-3,5450	1,4060
-3,5400	1,4078
-3,5350	1,4115
-3,5300	1,4195
-3,5250	1,4285
-3,5200	1,4375
-3,5150	1,4450
-3,5100	1,4513
-3,5050	1,4568
-3,5000	1,4615
-3,4950	1,4648
-3,4900	1,4665
-3,4850	1,4670
-3,4800	1,4715
-3,4750	1,4785
-3,4700	1,4880
-3,4650	1,4980
-3,4600	1,5050
-3,4550	1,5093
-3,4500	1,5140
-3,4450	1,5195
-3,4400	1,5250
-3,4350	1,5283
-3,4300	1,5315
-3,4250	1,5350
-3,4200	1,5393
-3,4150	1,5473
-3,4100	1,5558
-3,4050	1,5645
-3,4000	1,5698
-3,3950	1,5750
-3,3900	1,5808
-3,3850	1,5903
-3,3800	1,6010
-3,3750	1,6128
-3,3700	1,6195
-3,3650	1,6243
-3,3600	1,6270
-3,3550	1,6278
-3,3500	1,6290
-3,3450	1,6305
-3,3400	1,6328
-3,3350	1,6348
-3,3300	1,6373
-3,3250	1,6405
-3,3200	1,6430
-3,3150	1,6485
-3,3100	1,6553
-3,3050	1,6613
-3,3000	1,6685
-3,2950	1,6758
-3,2900	1,6815
-3,2850	1,6850
-3,2800	1,6870
-3,2750	1,6880
-3,2700	1,6890
-3,2650	1,6925
-3,2600	1,6980
-3,2550	1,7050
-3,2500	1,7140
-3,2450	1,7230
-3,2400	1,7315
-3,2350	1,7408
-3,2300	1,7503
-3,2250	1,7595
-3,2200	1,7670
-3,2150	1,7735
-3,2100	1,7795
-3,2050	1,7828
-3,2000	1,7858
-3,1950	1,7885
-3,1900	1,7893
-3,1850	1,7910
-3,1800	1,7928
-3,1750	1,7940
-3,1700	1,7943
-3,1650	1,7943
-3,1600	1,7945
-3,1550	1,7948
-3,1500	1,7953
-3,1450	1,7958
-3,1400	1,7953
-3,1350	1,8085
-3,1300	1,8225
-3,1250	1,8330
-3,1200	1,8428
-3,1150	1,8523
-3,1100	1,8610
-3,1050	1,8680
-3,1000	1,8748
-3,0950	1,8815
-3,0900	1,8905
-3,0850	1,8973
-3,0800	1,9020
-3,0750	1,9070
-3,0700	1,9095
-3,0650	1,9110
-3,0600	1,9125
-3,0550	1,9135
-3,0500	1,9155
-3,0450	1,9190
-3,0400	1,9255
-3,0350	1,9315
-3,0300	1,9375
-3,0250	1,9440
-3,0200	1,9518
-3,0150	1,9590
-3,0100	1,9635
-3,0050	1,9670
-3,0000	1,9703
-2,9950	1,9735
-2,9900	1,9763
-2,9850	1,9795
-2,9800	1,9838
-2,9750	1,9915
-2,9700	2,0000
-2,9650	2,0085
-2,9600	2,0163
-2,9550	2,0223
-2,9500	2,0278
-2,9450	2,0333
-2,9400	2,0378
-2,9350	2,0423
-2,9300	2,0465
-2,9250	2,0493
-2,9200	2,0533
-2,9150	2,0578
-2,9100	2,0615
-2,9050	2,0660
-2,9000	2,0700
-2,8950	2,0735
-2,8900	2,0780
-2,8850	2,0835
-2,8800	2,0900
-2,8750	2,0950
-2,8700	2,0995
-2,8650	2,1040
-2,8600	2,1088
-2,8550	2,1153
-2,8500	2,1215
-2,8450	2,1265
-2,8400	2,1315
-2,8350	2,1363
-2,8300	2,1410
-2,8250	2,1470
-2,8200	2,1525
-2,8150	2,1578
-2,8100	2,1628
-2,8050	2,1673
-2,8000	2,1715
-2,7950	2,1758
-2,7900	2,1783
-2,7850	2,1808
-2,7800	2,1835
-2,7750	2,1868
-2,7700	2,1905
-2,7650	2,1948
-2,7600	2,2008
-2,7550	2,2065
-2,7500	2,2130
-2,7450	2,2200
-2,7400	2,2265
-2,7350	2,2328
-2,7300	2,2388
-2,7250	2,2433
-2,7200	2,2465
-2,7150	2,2490
-2,7100	2,2518
-2,7050	2,2545
-2,7000	2,2573
-2,6950	2,2600
-2,6900	2,2623
-2,6850	2,2650
-2,6800	2,2678
-2,6750	2,2715
-2,6700	2,2750
-2,6650	2,2793
-2,6600	2,2843
-2,6550	2,2898
-2,6500	2,2958
-2,6450	2,3020
-2,6400	2,3070
-2,6350	2,3110
-2,6300	2,3150
-2,6250	2,3195
-2,6200	2,3283
-2,6150	2,3385
-2,6100	2,3495
-2,6050	2,3580
-2,6000	2,3628
-2,5950	2,3645
-2,5900	2,3690
-2,5850	2,3743
-2,5800	2,3803
-2,5750	2,3865
-2,5700	2,3938
-2,5650	2,4015
-2,5600	2,4103
-2,5550	2,4200
-2,5500	2,4270
-2,5450	2,4313
-2,5400	2,4340
-2,5350	2,4373
-2,5300	2,4415
-2,5250	2,4473
-2,5200	2,4520
-2,5150	2,4563
-2,5100	2,4603
-2,5050	2,4663
-2,5000	2,4715
-2,4950	2,4760
-2,4900	2,4790
-2,4850	2,4810
-2,4800	2,4840
-2,4750	2,4890
-2,4700	2,4925
-2,4650	2,4960
-2,4600	2,4995
-2,4550	2,5023
-2,4500	2,5060
-2,4450	2,5100
-2,4400	2,5138
-2,4350	2,5185
-2,4300	2,5228
-2,4250	2,5270
-2,4200	2,5310
-2,4150	2,5360
-2,4100	2,5405
-2,4050	2,5448
-2,4000	2,5448
-2,3950	2,5453
-2,3900	2,5463
-2,3850	2,5463
-2,3800	2,5465
-2,3750	2,5475
-2,3700	2,5493
-2,3650	2,5550
-2,3600	2,5620
-2,3550	2,5700
-2,3500	2,5763
-2,3450	2,5860
-2,3400	2,5963
-2,3350	2,6050
-2,3300	2,6138
-2,3250	2,6213
-2,3200	2,6270
-2,3150	2,6305
-2,3100	2,6350
-2,3050	2,6408
-2,3000	2,6465
-2,2950	2,6525
-2,2900	2,6595
-2,2850	2,6675
-2,2800	2,6765
-2,2750	2,6840
-2,2700	2,6905
-2,2650	2,6960
-2,2600	2,7008
-2,2550	2,7053
-2,2500	2,7098
-2,2450	2,7113
-2,2400	2,7130
-2,2350	2,7160
-2,2300	2,7193
-2,2250	2,7230
-2,2200	2,7273
-2,2150	2,7313
-2,2100	2,7345
-2,2050	2,7383
-2,2000	2,7423
-2,1950	2,7473
-2,1900	2,7530
-2,1850	2,7590
-2,1800	2,7655
-2,1750	2,7748
-2,1700	2,7835
-2,1650	2,7908
-2,1600	2,7958
-2,1550	2,8030
-2,1500	2,8113
-2,1450	2,8178
-2,1400	2,8250
-2,1350	2,8330
-2,1300	2,8420
-2,1250	2,8473
-2,1200	2,8515
-2,1150	2,8555
-2,1100	2,8588
-2,1050	2,8628
-2,1000	2,8665
-2,0950	2,8690
-2,0900	2,8750
-2,0850	2,8810
-2,0800	2,8868
-2,0750	2,8925
-2,0700	2,8965
-2,0650	2,9003
-2,0600	2,9048
-2,0550	2,9080
-2,0500	2,9123
-2,0450	2,9165
-2,0400	2,9200
-2,0350	2,9238
-2,0300	2,9280
-2,0250	2,9325
-2,0200	2,9400
-2,0150	2,9460
-2,0100	2,9513
-2,0050	2,9568
-2,0000	2,9645
-1,9950	2,9720
-1,9900	2,9775
-1,9850	2,9813
-1,9800	2,9840
-1,9750	2,9870
-1,9700	2,9928
-1,9650	2,9995
-1,9600	3,0068
-1,9550	3,0145
-1,9500	3,0188
-1,9450	3,0233
-1,9400	3,0275
-1,9350	3,0310
-1,9300	3,0360
-1,9250	3,0408
-1,9200	3,0448
-1,9150	3,0498
-1,9100	3,0538
-1,9050	3,0575
-1,9000	3,0613
-1,8950	3,0650
-1,8900	3,0698
-1,8850	3,0755
-1,8800	3,0803
-1,8750	3,0845
-1,8700	3,0888
-1,8650	3,0938
-1,8600	3,0990
-1,8550	3,1040
-1,8500	3,1080
-1,8450	3,1123
-1,8400	3,1165
-1,8350	3,1213
-1,8300	3,1265
-1,8250	3,1300
-1,8200	3,1348
-1,8150	3,1410
-1,8100	3,1490
-1,8050	3,1555
-1,8000	3,1610
-1,7950	3,1663
-1,7900	3,1695
-1,7850	3,1735
-1,7800	3,1775
-1,7750	3,1815
-1,7700	3,1850
-1,7650	3,1883
-1,7600	3,1915
-1,7550	3,1943
-1,7500	3,1978
-1,7450	3,2020
-1,7400	3,2070
-1,7350	3,2133
-1,7300	3,2200
-1,7250	3,2278
-1,7200	3,2333
-1,7150	3,2390
-1,7100	3,2445
-1,7050	3,2495
-1,7000	3,2545
-1,6950	3,2595
-1,6900	3,2648
-1,6850	3,2698
-1,6800	3,2753
-1,6750	3,2810
-1,6700	3,2875
-1,6650	3,2933
-1,6600	3,2990
-1,6550	3,3048
-1,6500	3,3100
-1,6450	3,3155
-1,6400	3,3205
-1,6350	3,3248
-1,6300	3,3293
-1,6250	3,3340
-1,6200	3,3385
-1,6150	3,3415
-1,6100	3,3445
-1,6050	3,3475
-1,6000	3,3505
-1,5950	3,3560
-1,5900	3,3625
-1,5850	3,3703
-1,5800	3,3765
-1,5750	3,3820
-1,5700	3,3870
-1,5650	3,3918
-1,5600	3,3975
-1,5550	3,4030
-1,5500	3,4085
-1,5450	3,4133
-1,5400	3,4168
-1,5350	3,4203
-1,5300	3,4238
-1,5250	3,4288
-1,5200	3,4338
-1,5150	3,4385
-1,5100	3,4423
-1,5050	3,4458
-1,5000	3,4495
-1,4950	3,4535
-1,4900	3,4570
-1,4850	3,4610
-1,4800	3,4655
-1,4750	3,4700
-1,4700	3,4760
-1,4650	3,4810
-1,4600	3,4855
-1,4550	3,4908
-1,4500	3,4953
-1,4450	3,5003
-1,4400	3,5060
-1,4350	3,5120
-1,4300	3,5180
-1,4250	3,5248
-1,4200	3,5330
-1,4150	3,5380
-1,4100	3,5425
-1,4050	3,5470
-1,4000	3,5513
-1,3950	3,5555
-1,3900	3,5598
-1,3850	3,5640
-1,3800	3,5683
-1,3750	3,5738
-1,3700	3,5800
-1,3650	3,5858
-1,3600	3,5903
-1,3550	3,5950
-1,3500	3,6000
-1,3450	3,6050
-1,3400	3,6128
-1,3350	3,6215
-1,3300	3,6285
-1,3250	3,6340
-1,3200	3,6383
-1,3150	3,6418
-1,3100	3,6460
-1,3050	3,6510
-1,3000	3,6565
-1,2950	3,6620
-1,2900	3,6645
-1,2850	3,6673
-1,2800	3,6705
-1,2750	3,6760
-1,2700	3,6823
-1,2650	3,6893
-1,2600	3,6965
-1,2550	3,7040
-1,2500	3,7100
-1,2450	3,7153
-1,2400	3,7208
-1,2350	3,7235
-1,2300	3,7263
-1,2250	3,7288
-1,2200	3,7290
-1,2150	3,7293
-1,2100	3,7298
-1,2050	3,7313
-1,2000	3,7343
-1,1950	3,7415
-1,1900	3,7500
-1,1850	3,7580
-1,1800	3,7633
-1,1750	3,7675
-1,1700	3,7710
-1,1650	3,7750
-1,1600	3,7825
-1,1550	3,7893
-1,1500	3,7943
-1,1450	3,7995
-1,1400	3,8058
-1,1350	3,8128
-1,1300	3,8210
-1,1250	3,8285
-1,1200	3,8343
-1,1150	3,8388
-1,1100	3,8425
-1,1050	3,8455
-1,1000	3,8488
-1,0950	3,8520
-1,0900	3,8548
-1,0850	3,8565
-1,0800	3,8578
-1,0750	3,8590
-1,0700	3,8605
-1,0650	3,8653
-1,0600	3,8725
-1,0550	3,8808
-1,0500	3,8875
-1,0450	3,8915
-1,0400	3,8920
-1,0350	3,8945
-1,0300	3,8973
-1,0250	3,9015
-1,0200	3,9088
-1,0150	3,9135
-1,0100	3,9188
-1,0050	3,9250
-1,0000	3,9330
-0,9950	3,9428
-0,9900	3,9513
-0,9850	3,9580
-0,9800	3,9635
-0,9750	3,9695
-0,9700	3,9755
-0,9650	3,9810
-0,9600	3,9850
-0,9550	3,9895
-0,9500	3,9945
-0,9450	4,0000
-0,9400	4,0063
-0,9350	4,0130
-0,9300	4,0193
-0,9250	4,0235
-0,9200	4,0275
-0,9150	4,0305
-0,9100	4,0325
-0,9050	4,0353
-0,9000	4,0395
-0,8950	4,0450
-0,8900	4,0510
-0,8850	4,0565
-0,8800	4,0615
-0,8750	4,0665
-0,8700	4,0723
-0,8650	4,0770
-0,8600	4,0820
-0,8550	4,0868
-0,8500	4,0915
-0,8450	4,0960
-0,8400	4,0988
-0,8350	4,0993
-0,8300	4,1003
-0,8250	4,1025
-0,8200	4,1058
-0,8150	4,1108
-0,8100	4,1140
-0,8050	4,1185
-0,8000	4,1235
-0,7950	4,1298
-0,7900	4,1375
-0,7850	4,1448
-0,7800	4,1510
-0,7750	4,1575
-0,7700	4,1645
-0,7650	4,1715
-0,7600	4,1778
-0,7550	4,1830
-0,7500	4,1890
-0,7450	4,1950
-0,7400	4,2003
-0,7350	4,2040
-0,7300	4,2083
-0,7250	4,2125
-0,7200	4,2163
-0,7150	4,2193
-0,7100	4,2220
-0,7050	4,2243
-0,7000	4,2260
-0,6950	4,2300
-0,6900	4,2355
-0,6850	4,2425
-0,6800	4,2503
-0,6750	4,2573
-0,6700	4,2630
-0,6650	4,2680
-0,6600	4,2733
-0,6550	4,2803
-0,6500	4,2890
-0,6450	4,2995
-0,6400	4,3088
-0,6350	4,3173
-0,6300	4,3248
-0,6250	4,3303
-0,6200	4,3340
-0,6150	4,3365
-0,6100	4,3378
-0,6050	4,3400
-0,6000	4,3408
-0,5950	4,3423
-0,5900	4,3450
-0,5850	4,3475
-0,5800	4,3540
-0,5750	4,3625
-0,5700	4,3723
-0,5650	4,3770
-0,5600	4,3818
-0,5550	4,3850
-0,5500	4,3858
-0,5450	4,3885
-0,5400	4,3903
-0,5350	4,3915
-0,5300	4,3923
-0,5250	4,3933
-0,5200	4,3933
-0,5150	4,3933
-0,5100	4,3955
-0,5050	4,3980
-0,5000	4,4020
-0,4950	4,4065
-0,4900	4,4105
-0,4850	4,4123
-0,4800	4,4140
-0,4750	4,4160
-0,4700	4,4203
-0,4650	4,4288
-0,4600	4,4375
-0,4550	4,4460
-0,4500	4,4540
-0,4450	4,4638
-0,4400	4,4750
-0,4350	4,4878
-0,4300	4,5003
-0,4250	4,5088
-0,4200	4,5145
-0,4150	4,5185
-0,4100	4,5220
-0,4050	4,5245
-0,4000	4,5263
-0,3950	4,5285
-0,3900	4,5305
-0,3850	4,5350
-0,3800	4,5420
-0,3750	4,5523
-0,3700	4,5588
-0,3650	4,5635
-0,3600	4,5665
-0,3550	4,5675
-0,3500	4,5685
-0,3450	4,5705
-0,3400	4,5745
-0,3350	4,5820
-0,3300	4,5893
-0,3250	4,5960
-0,3200	4,6020
-0,3150	4,6055
-0,3100	4,6120
-0,3050	4,6178
-0,3000	4,6213
-0,2950	4,6255
-0,2900	4,6288
-0,2850	4,6330
-0,2800	4,6395
-0,2750	4,6468
-0,2700	4,6530
-0,2650	4,6590
-0,2600	4,6640
-0,2550	4,6700
-0,2500	4,6760
-0,2450	4,6825
-0,2400	4,6905
-0,2350	4,6980
-0,2300	4,7058
-0,2250	4,7130
-0,2200	4,7170
-0,2150	4,7225
-0,2100	4,7268
-0,2050	4,7313
-0,2000	4,7385
-0,1950	4,7428
-0,1900	4,7465
-0,1850	4,7495
-0,1800	4,7498
-0,1750	4,7508
-0,1700	4,7520
-0,1650	4,7535
-0,1600	4,7543
-0,1550	4,7550
-0,1500	4,7555
-0,1450	4,7565
-0,1400	4,7593
-0,1350	4,7628
-0,1300	4,7660
-0,1250	4,7683
-0,1200	4,7713
-0,1150	4,7743
-0,1100	4,7780
-0,1050	4,7823
-0,1000	4,7840
-0,0950	4,7870
-0,0900	4,7895
-0,0850	4,7915
-0,0800	4,7943
-0,0750	4,7968
-0,0700	4,7995
-0,0650	4,8028
-0,0600	4,8050
-0,0550	4,8073
-0,0500	4,8103
-0,0450	4,8150
-0,0400	4,8200
-0,0350	4,8250
-0,0300	4,8288
-0,0250	4,8313
-0,0200	4,8320
-0,0150	4,8330
-0,0100	4,8335
-0,0050	4,8333
0,0000	4,8340
0,0050	4,8340
0,0100	4,8335
0,0150	4,8343
0,0200	4,8338
0,0250	4,8338
0,0300	4,8343
0,0350	4,8335
0,0400	4,8340
0,0450	4,8340
0,0500	4,8335
0,0550	4,8343
0,0600	4,8285
0,0650	4,8213
0,0700	4,8143
0,0750	4,8093
0,0800	4,8040
0,0850	4,7995
0,0900	4,7958
0,0950	4,7920
0,1000	4,7893
0,1050	4,7865
0,1100	4,7835
0,1150	4,7805
0,1200	4,7773
0,1250	4,7743
0,1300	4,7718
0,1350	4,7705
0,1400	4,7700
0,1450	4,7680
0,1500	4,7635
0,1550	4,7560
0,1600	4,7478
0,1650	4,7405
0,1700	4,7360
0,1750	4,7338
0,1800	4,7325
0,1850	4,7310
0,1900	4,7283
0,1950	4,7248
0,2000	4,7198
0,2050	4,7138
0,2100	4,7068
0,2150	4,6995
0,2200	4,6943
0,2250	4,6915
0,2300	4,6898
0,2350	4,6873
0,2400	4,6838
0,2450	4,6795
0,2500	4,6758
0,2550	4,6725
0,2600	4,6688
0,2650	4,6648
0,2700	4,6610
0,2750	4,6553
0,2800	4,6483
0,2850	4,6400
0,2900	4,6298
0,2950	4,6200
0,3000	4,6115
0,3050	4,6048
0,3100	4,5973
0,3150	4,5888
0,3200	4,5795
0,3250	4,5705
0,3300	4,5673
0,3350	4,5633
0,3400	4,5593
0,3450	4,5560
0,3500	4,5495
0,3550	4,5445
0,3600	4,5410
0,3650	4,5375
0,3700	4,5345
0,3750	4,5323
0,3800	4,5303
0,3850	4,5273
0,3900	4,5238
0,3950	4,5200
0,4000	4,5160
0,4050	4,5120
0,4100	4,5073
0,4150	4,5023
0,4200	4,4968
0,4250	4,4905
0,4300	4,4830
0,4350	4,4755
0,4400	4,4705
0,4450	4,4685
0,4500	4,4678
0,4550	4,4675
0,4600	4,4663
0,4650	4,4643
0,4700	4,4620
0,4750	4,4593
0,4800	4,4563
0,4850	4,4530
0,4900	4,4488
0,4950	4,4440
0,5000	4,4405
0,5050	4,4370
0,5100	4,4338
0,5150	4,4305
0,5200	4,4200
0,5250	4,4045
0,5300	4,3890
0,5350	4,3803
0,5400	4,3748
0,5450	4,3718
0,5500	4,3703
0,5550	4,3680
0,5600	4,3663
0,5650	4,3643
0,5700	4,3615
0,5750	4,3563
0,5800	4,3473
0,5850	4,3340
0,5900	4,3160
0,5950	4,3005
0,6000	4,2890
0,6050	4,2813
0,6100	4,2760
0,6150	4,2728
0,6200	4,2700
0,6250	4,2683
0,6300	4,2668
0,6350	4,2655
0,6400	4,2648
0,6450	4,2645
0,6500	4,2633
0,6550	4,2613
0,6600	4,2583
0,6650	4,2545
0,6700	4,2508
0,6750	4,2478
0,6800	4,2450
0,6850	4,2410
0,6900	4,2360
0,6950	4,2308
0,7000	4,2250
0,7050	4,2208
0,7100	4,2130
0,7150	4,2025
0,7200	4,1888
0,7250	4,1793
0,7300	4,1728
0,7350	4,1680
0,7400	4,1640
0,7450	4,1590
0,7500	4,1533
0,7550	4,1470
0,7600	4,1425
0,7650	4,1378
0,7700	4,1330
0,7750	4,1283
0,7800	4,1235
0,7850	4,1193
0,7900	4,1148
0,7950	4,1100
0,8000	4,1063
0,8050	4,1025
0,8100	4,0990
0,8150	4,0948
0,8200	4,0895
0,8250	4,0833
0,8300	4,0763
0,8350	4,0678
0,8400	4,0620
0,8450	4,0568
0,8500	4,0493
0,8550	4,0408
0,8600	4,0320
0,8650	4,0235
0,8700	4,0185
0,8750	4,0148
0,8800	4,0113
0,8850	4,0078
0,8900	4,0055
0,8950	4,0040
0,9000	4,0035
0,9050	4,0030
0,9100	4,0025
0,9150	4,0020
0,9200	4,0020
0,9250	4,0020
0,9300	4,0010
0,9350	3,9965
0,9400	3,9880
0,9450	3,9743
0,9500	3,9615
0,9550	3,9500
0,9600	3,9410
0,9650	3,9360
0,9700	3,9318
0,9750	3,9285
0,9800	3,9258
0,9850	3,9240
0,9900	3,9230
0,9950	3,9225
1,0000	3,9228
1,0050	3,9220
1,0100	3,9210
1,0150	3,9193
1,0200	3,9175
1,0250	3,9145
1,0300	3,9100
1,0350	3,9030
1,0400	3,8950
1,0450	3,8790
1,0500	3,8590
1,0550	3,8425
1,0600	3,8338
1,0650	3,8293
1,0700	3,8280
1,0750	3,8268
1,0800	3,8263
1,0850	3,8260
1,0900	3,8260
1,0950	3,8258
1,1000	3,8248
1,1050	3,8223
1,1100	3,8175
1,1150	3,8110
1,1200	3,8020
1,1250	3,7895
1,1300	3,7788
1,1350	3,7705
1,1400	3,7638
1,1450	3,7565
1,1500	3,7503
1,1550	3,7445
1,1600	3,7390
1,1650	3,7350
1,1700	3,7310
1,1750	3,7245
1,1800	3,7145
1,1850	3,6990
1,1900	3,6860
1,1950	3,6760
1,2000	3,6725
1,2050	3,6715
1,2100	3,6713
1,2150	3,6710
1,2200	3,6700
1,2250	3,6703
1,2300	3,6705
1,2350	3,6690
1,2400	3,6688
1,2450	3,6688
1,2500	3,6675
1,2550	3,6638
1,2600	3,6570
1,2650	3,6480
1,2700	3,6373
1,2750	3,6250
1,2800	3,6133
1,2850	3,6033
1,2900	3,5975
1,2950	3,5960
1,3000	3,5955
1,3050	3,5955
1,3100	3,5950
1,3150	3,5930
1,3200	3,5903
1,3250	3,5865
1,3300	3,5825
1,3350	3,5793
1,3400	3,5760
1,3450	3,5720
1,3500	3,5663
1,3550	3,5613
1,3600	3,5570
1,3650	3,5530
1,3700	3,5493
1,3750	3,5445
1,3800	3,5390
1,3850	3,5320
1,3900	3,5260
1,3950	3,5205
1,4000	3,5158
1,4050	3,5095
1,4100	3,5025
1,4150	3,4950
1,4200	3,4890
1,4250	3,4840
1,4300	3,4795
1,4350	3,4745
1,4400	3,4693
1,4450	3,4653
1,4500	3,4625
1,4550	3,4590
1,4600	3,4560
1,4650	3,4530
1,4700	3,4493
1,4750	3,4470
1,4800	3,4428
1,4850	3,4375
1,4900	3,4330
1,4950	3,4263
1,5000	3,4190
1,5050	3,4120
1,5100	3,4065
1,5150	3,4005
1,5200	3,3938
1,5250	3,3855
1,5300	3,3778
1,5350	3,3705
1,5400	3,3630
1,5450	3,3563
1,5500	3,3493
1,5550	3,3425
1,5600	3,3375
1,5650	3,3330
1,5700	3,3285
1,5750	3,3240
1,5800	3,3190
1,5850	3,3153
1,5900	3,3115
1,5950	3,3050
1,6000	3,3010
1,6050	3,2975
1,6100	3,2938
1,6150	3,2913
1,6200	3,2878
1,6250	3,2828
1,6300	3,2750
1,6350	3,2640
1,6400	3,2533
1,6450	3,2435
1,6500	3,2358
1,6550	3,2300
1,6600	3,2258
1,6650	3,2223
1,6700	3,2180
1,6750	3,2148
1,6800	3,2125
1,6850	3,2095
1,6900	3,2080
1,6950	3,2070
1,7000	3,2053
1,7050	3,2038
1,7100	3,2013
1,7150	3,1978
1,7200	3,1933
1,7250	3,1895
1,7300	3,1858
1,7350	3,1820
1,7400	3,1773
1,7450	3,1708
1,7500	3,1638
1,7550	3,1573
1,7600	3,1475
1,7650	3,1380
1,7700	3,1290
1,7750	3,1210
1,7800	3,1145
1,7850	3,1090
1,7900	3,1043
1,7950	3,0988
1,8000	3,0935
1,8050	3,0890
1,8100	3,0823
1,8150	3,0755
1,8200	3,0695
1,8250	3,0650
1,8300	3,0600
1,8350	3,0550
1,8400	3,0500
1,8450	3,0455
1,8500	3,0413
1,8550	3,0375
1,8600	3,0350
1,8650	3,0305
1,8700	3,0258
1,8750	3,0215
1,8800	3,0125
1,8850	3,0033
1,8900	2,9938
1,8950	2,9858
1,9000	2,9823
1,9050	2,9808
1,9100	2,9795
1,9150	2,9803
1,9200	2,9800
1,9250	2,9790
1,9300	2,9768
1,9350	2,9733
1,9400	2,9690
1,9450	2,9635
1,9500	2,9588
1,9550	2,9538
1,9600	2,9490
1,9650	2,9450
1,9700	2,9413
1,9750	2,9375
1,9800	2,9345
1,9850	2,9280
1,9900	2,9185
1,9950	2,9068
2,0000	2,8925
2,0050	2,8820
2,0100	2,8730
2,0150	2,8640
2,0200	2,8540
2,0250	2,8458
2,0300	2,8400
2,0350	2,8370
2,0400	2,8355
2,0450	2,8348
2,0500	2,8323
2,0550	2,8290
2,0600	2,8238
2,0650	2,8160
2,0700	2,8125
2,0750	2,8110
2,0800	2,8110
2,0850	2,8110
2,0900	2,8098
2,0950	2,8068
2,1000	2,8020
2,1050	2,7933
2,1100	2,7838
2,1150	2,7738
2,1200	2,7638
2,1250	2,7568
2,1300	2,7518
2,1350	2,7490
2,1400	2,7470
2,1450	2,7455
2,1500	2,7445
2,1550	2,7428
2,1600	2,7413
2,1650	2,7390
2,1700	2,7350
2,1750	2,7305
2,1800	2,7243
2,1850	2,7168
2,1900	2,7103
2,1950	2,7040
2,2000	2,6978
2,2050	2,6918
2,2100	2,6858
2,2150	2,6803
2,2200	2,6758
2,2250	2,6718
2,2300	2,6678
2,2350	2,6635
2,2400	2,6573
2,2450	2,6510
2,2500	2,6443
2,2550	2,6360
2,2600	2,6270
2,2650	2,6193
2,2700	2,6135
2,2750	2,6085
2,2800	2,6040
2,2850	2,5995
2,2900	2,5945
2,2950	2,5900
2,3000	2,5853
2,3050	2,5805
2,3100	2,5755
2,3150	2,5710
2,3200	2,5665
2,3250	2,5618
2,3300	2,5590
2,3350	2,5563
2,3400	2,5520
2,3450	2,5488
2,3500	2,5440
2,3550	2,5378
2,3600	2,5345
2,3650	2,5303
2,3700	2,5260
2,3750	2,5220
2,3800	2,5165
2,3850	2,5118
2,3900	2,5080
2,3950	2,5043
2,4000	2,5010
2,4050	2,4978
2,4100	2,4943
2,4150	2,4905
2,4200	2,4875
2,4250	2,4848
2,4300	2,4818
2,4350	2,4783
2,4400	2,4743
2,4450	2,4690
2,4500	2,4625
2,4550	2,4558
2,4600	2,4490
2,4650	2,4425
2,4700	2,4360
2,4750	2,4293
2,4800	2,4253
2,4850	2,4200
2,4900	2,4135
2,4950	2,4080
2,5000	2,4028
2,5050	2,3980
2,5100	2,3930
2,5150	2,3875
2,5200	2,3815
2,5250	2,3755
2,5300	2,3688
2,5350	2,3640
2,5400	2,3608
2,5450	2,3563
2,5500	2,3510
2,5550	2,3453
2,5600	2,3388
2,5650	2,3308
2,5700	2,3228
2,5750	2,3148
2,5800	2,3068
2,5850	2,2995
2,5900	2,2928
2,5950	2,2865
2,6000	2,2810
2,6050	2,2763
2,6100	2,2723
2,6150	2,2690
2,6200	2,2665
2,6250	2,2643
2,6300	2,2620
2,6350	2,2595
2,6400	2,2563
2,6450	2,2520
2,6500	2,2475
2,6550	2,2420
2,6600	2,2355
2,6650	2,2288
2,6700	2,2230
2,6750	2,2198
2,6800	2,2158
2,6850	2,2128
2,6900	2,2108
2,6950	2,2078
2,7000	2,2045
2,7050	2,2010
2,7100	2,1975
2,7150	2,1938
2,7200	2,1885
2,7250	2,1815
2,7300	2,1740
2,7350	2,1670
2,7400	2,1605
2,7450	2,1555
2,7500	2,1500
2,7550	2,1448
2,7600	2,1415
2,7650	2,1380
2,7700	2,1348
2,7750	2,1315
2,7800	2,1288
2,7850	2,1265
2,7900	2,1250
2,7950	2,1250
2,8000	2,1238
2,8050	2,1215
2,8100	2,1180
2,8150	2,1085
2,8200	2,0955
2,8250	2,0783
2,8300	2,0648
2,8350	2,0540
2,8400	2,0480
2,8450	2,0468
2,8500	2,0465
2,8550	2,0468
2,8600	2,0450
2,8650	2,0445
2,8700	2,0438
2,8750	2,0423
2,8800	2,0340
2,8850	2,0238
2,8900	2,0120
2,8950	2,0020
2,9000	1,9935
2,9050	1,9873
2,9100	1,9830
2,9150	1,9770
2,9200	1,9690
2,9250	1,9575
2,9300	1,9473
2,9350	1,9393
2,9400	1,9350
2,9450	1,9308
2,9500	1,9268
2,9550	1,9225
2,9600	1,9165
2,9650	1,9095
2,9700	1,9018
2,9750	1,8953
2,9800	1,8890
2,9850	1,8835
2,9900	1,8800
2,9950	1,8768
3,0000	1,8730
3,0050	1,8680
3,0100	1,8625
3,0150	1,8568
3,0200	1,8515
3,0250	1,8480
3,0300	1,8448
3,0350	1,8420
3,0400	1,8380
3,0450	1,8325
3,0500	1,8265
3,0550	1,8203
3,0600	1,8150
3,0650	1,8105
3,0700	1,8073
3,0750	1,8040
3,0800	1,8000
3,0850	1,7945
3,0900	1,7883
3,0950	1,7823
3,1000	1,7763
3,1050	1,7700
3,1100	1,7630
3,1150	1,7563
3,1200	1,7510
3,1250	1,7448
3,1300	1,7385
3,1350	1,7328
3,1400	1,7278
3,1450	1,7225
3,1500	1,7175
3,1550	1,7090
3,1600	1,7000
3,1650	1,6913
3,1700	1,6870
3,1750	1,6845
3,1800	1,6840
3,1850	1,6843
3,1900	1,6840
3,1950	1,6830
3,2000	1,6808
3,2050	1,6775
3,2100	1,6725
3,2150	1,6660
3,2200	1,6600
3,2250	1,6540
3,2300	1,6480
3,2350	1,6435
3,2400	1,6388
3,2450	1,6348
3,2500	1,6333
3,2550	1,6313
3,2600	1,6295
3,2650	1,6283
3,2700	1,6268
3,2750	1,6255
3,2800	1,6240
3,2850	1,6213
3,2900	1,6185
3,2950	1,6155
3,3000	1,6128
3,3050	1,6098
3,3100	1,6053
3,3150	1,5965
3,3200	1,5565
3,3250	1,5215
3,3300	1,5300
3,3350	1,5123
3,3400	1,4915
3,3450	1,5048
3,3500	1,4925
3,3550	1,4798
3,3600	1,4835
3,3650	1,4800
3,3700	1,4773
3,3750	1,4770
3,3800	1,4758
3,3850	1,4753
3,3900	1,4753
3,3950	1,4755
3,4000	1,4755
3,4050	1,4755
3,4100	1,4758
3,4150	1,4755
3,4200	1,4755
3,4250	-2,2290
3,4300	-2,2290
3,4350	-2,2290
3,4400	-2,2290
3,4450	-2,2290
3,4500	-2,2290
3,4550	-2,2290
3,4600	-2,2290
3,4650	-2,2290
3,4700	-2,2290
3,4750	-2,2290
3,4800	-2,2290
3,4850	-2,2290
3,4900	-2,2290
3,4950	-2,2290
3,5000	-2,2290
3,5050	-2,2290
3,5100	-2,2290
3,5150	-2,2290
3,5200	-2,2290
3,5250	-2,2290
3,5300	-2,2290
3,5350	-2,2290
3,5400	-2,2290
3,5450	-2,2290
3,5500	-2,2290
3,5550	-2,2290
3,5600	-2,2290
3,5650	-2,2290
3,5700	-2,2290
3,5750	-2,2290
3,5800	-2,2290
3,5850	-2,2300
3,5900	-2,2310
3,5950	-2,2322
3,6000	-2,2337
3,6050	-2,2352
3,6100	-2,2350
3,6150	-2,2337
3,6200	-2,2350
3,6250	-2,2347
3,6300	-2,2337
3,6350	-2,2350
3,6400	-2,2345
3,6450	-2,2337
3,6500	-2,2350
3,6550	-2,2340
3,6600	-2,2335
3,6650	-2,2350
3,6700	-2,2325
3,6750	-2,2282
3,6800	-2,2215
3,6850	-2,2127
3,6900	-2,2085
3,6950	-2,2075
3,7000	-2,2100
3,7050	-2,2080
3,7100	-2,2075
3,7150	-2,2100
3,7200	-2,2075
3,7250	-2,2077
3,7300	-2,2100
3,7350	-2,2070
3,7400	-2,2077
3,7450	-2,2095
3,7500	-2,2065
3,7550	-2,2082
3,7600	-2,2112
3,7650	-2,2137
3,7700	-2,2177
3,7750	-2,2212
3,7800	-2,2230
3,7850	-2,2245
3,7900	-2,2252
3,7950	-2,2245
3,8000	-2,2255
3,8050	-2,2262
3,8100	-2,2257
3,8150	-2,2262
3,8200	-2,2267
3,8250	-2,2270
3,8300	-2,2272
3,8350	-2,2272
3,8400	-2,2272
3,8450	-2,2287
3,8500	-2,2292
3,8550	-2,2295
3,8600	-2,2297
3,8650	-2,2295
3,8700	-2,2295
3,8750	-2,2297
3,8800	-2,2295
3,8850	-2,2295
3,8900	-2,2297
3,8950	-2,2307
3,9000	-2,2315
3,9050	-2,2317
3,9100	-2,2317
3,9150	-2,2327
3,9200	-2,2345
3,9250	-2,2335
3,9300	-2,2337
3,9350	-2,2345
3,9400	-2,2340
3,9450	-2,2342
3,9500	-2,2360
3,9550	-2,2417
3,9600	-2,2445
3,9650	-2,2455
3,9700	-2,2430
3,9750	-2,2445
3,9800	-2,2450
3,9850	-2,2425
3,9900	-2,2445
3,9950	-2,2445
4,0000	-2,2425
4,0050	-2,2445
4,0100	-2,2440
4,0150	-2,2425
4,0200	-2,2445
4,0250	-2,2412
4,0300	-2,2355
4,0350	-2,2295
4,0400	-2,2205
4,0450	-2,2097
4,0500	-2,1970
4,0550	-2,1832
4,0600	-2,1740
4,0650	-2,1680
4,0700	-2,1632
4,0750	-2,1580
4,0800	-2,1520
4,0850	-2,1465
4,0900	-2,1415
4,0950	-2,1385
4,1000	-2,1362
4,1050	-2,1340
4,1100	-2,1315
4,1150	-2,1300
4,1200	-2,1295
4,1250	-2,1297
4,1300	-2,1292
4,1350	-2,1290
4,1400	-2,1285
4,1450	-2,1255
4,1500	-2,1230
4,1550	-2,1215
4,1600	-2,1212
4,1650	-2,1212
4,1700	-2,1212
4,1750	-2,1210
4,1800	-2,1210
4,1850	-2,1210
4,1900	-2,1207
4,1950	-2,1207
4,2000	-2,1207
4,2050	-2,1205
4,2100	-2,1205
4,2150	-2,1205
4,2200	-2,1202
4,2250	-2,1205
4,2300	-2,1202
4,2350	-2,1200
4,2400	-2,1205
4,2450	-2,1202
4,2500	-2,1202
4,2550	-2,1210
4,2600	-2,1205
4,2650	-2,1202
4,2700	-2,1210
4,2750	-2,1210
4,2800	-2,1210
4,2850	-2,1215
4,2900	-2,1212
4,2950	-2,1220
4,3000	-2,1225
4,3050	-2,1217
4,3100	-2,1220
4,3150	-2,1230
4,3200	-2,1242
4,3250	-2,1245
4,3300	-2,1245
4,3350	-2,1247
4,3400	-2,1247
4,3450	-2,1255
4,3500	-2,1270
4,3550	-2,1252
4,3600	-2,1255
4,3650	-2,1265
4,3700	-2,1250
4,3750	-2,1252
4,3800	-2,1260
4,3850	-2,1245
4,3900	-2,1250
4,3950	-2,1257
4,4000	-2,1240
4,4050	-2,1232
4,4100	-2,1230
4,4150	-2,1230
4,4200	-2,1225
4,4250	-2,1225
4,4300	-2,1225
4,4350	-2,1222
4,4400	-2,1225
4,4450	-2,1225
4,4500	-2,1215
4,4550	-2,1212
4,4600	-2,1210
4,4650	-2,1207
4,4700	-2,1207
4,4750	-2,1207
4,4800	-2,1205
4,4850	-2,1205
4,4900	-2,1205
4,4950	-2,1205
4,5000	-2,1210
4,5050	-2,1210
4,5100	-2,1210
4,5150	-2,1212
4,5200	-2,1217
4,5250	-2,1222
4,5300	-2,1222
4,5350	-2,1220
4,5400	-2,1222
4,5450	-2,1230
4,5500	-2,1235
4,5550	-2,1235
4,5600	-2,1230
4,5650	-2,1235
4,5700	-2,1237
4,5750	-2,1237
4,5800	-2,1240
4,5850	-2,1237
4,5900	-2,1237
4,5950	-2,1242
4,6000	-2,1240
4,6050	-2,1235
4,6100	-2,1242
4,6150	-2,1255
4,6200	-2,1272
4,6250	-2,1290
4,6300	-2,1312
4,6350	-2,1330
4,6400	-2,1332
4,6450	-2,1330
4,6500	-2,1327
4,6550	-2,1330
4,6600	-2,1325
4,6650	-2,1325
4,6700	-2,1327
4,6750	-2,1325
4,6800	-2,1322
4,6850	-2,1325
4,6900	-2,1320
4,6950	-2,1320
4,7000	-2,1320
4,7050	-2,1315
4,7100	-2,1317
4,7150	-2,1317
4,7200	-2,1312
4,7250	-2,1315
4,7300	-2,1315
4,7350	-2,1315
4,7400	-2,1315
4,7450	-2,1310
4,7500	-2,1295
4,7550	-2,1295
4,7600	-2,1287
4,7650	-2,1280
4,7700	-2,1280
4,7750	-2,1277
4,7800	-2,1277
4,7850	-2,1275
4,7900	-2,1275
4,7950	-2,1275
4,8000	-2,1275
4,8050	-2,1272
4,8100	-2,1282
4,8150	-2,1300
4,8200	-2,1287
4,8250	-2,1290
4,8300	-2,1300
4,8350	-2,1305
4,8400	-2,1302
4,8450	-2,1292
4,8500	-2,1280
4,8550	-2,1272
4,8600	-2,1265
4,8650	-2,1260
4,8700	-2,1252
4,8750	-2,1247
4,8800	-2,1247
4,8850	-2,1257
4,8900	-2,1265
4,8950	-2,1270
4,9000	-2,1280
4,9050	-2,1290
4,9100	-2,1292
4,9150	-2,1285
4,9200	-2,1287
4,9250	-2,1292
4,9300	-2,1285
4,9350	-2,1297
4,9400	-2,1305
4,9450	-2,1292
4,9500	-2,1315
4,9550	-2,1332
4,9600	-2,1337
4,9650	-2,1335
4,9700	-2,1345
4,9750	-2,1372
4,9800	-2,1375
4,9850	-2,1377
4,9900	-2,1380
4,9950	-2,1390
5,0000	-2,1392
5,0050	-2,1392
5,0100	-2,1390
5,0150	-2,1405
5,0200	-2,1415
5,0250	-2,1400
5,0300	-2,1407
5,0350	-2,1410
5,0400	-2,1395
5,0450	-2,1405
5,0500	-2,1405
5,0550	-2,1392
5,0600	-2,1405
5,0650	-2,1402
5,0700	-2,1390
5,0750	-2,1402
5,0800	-2,1405
5,0850	-2,1397
5,0900	-2,1405
5,0950	-2,1395
5,1000	-2,1385
5,1050	-2,1392
5,1100	-2,1385
5,1150	-2,1380
5,1200	-2,1380
5,1250	-2,1377
5,1300	-2,1372
5,1350	-2,1365
5,1400	-2,1360
5,1450	-2,1360
5,1500	-2,1360
5,1550	-2,1352
5,1600	-2,1355
5,1650	-2,1360
5,1700	-2,1352
5,1750	-2,1355
5,1800	-2,1360
5,1850	-2,1365
5,1900	-2,1357
5,1950	-2,1352
5,2000	-2,1347
5,2050	-2,1350
5,2100	-2,1345
5,2150	-2,1340
5,2200	-2,1342
5,2250	-2,1342
5,2300	-2,1342
5,2350	-2,1345
5,2400	-2,1342
5,2450	-2,1340
5,2500	-2,1342
5,2550	-2,1350
5,2600	-2,1350
5,2650	-2,1342
5,2700	-2,1347
5,2750	-2,1345
5,2800	-2,1337
5,2850	-2,1345
5,2900	-2,1340
5,2950	-2,1330
5,3000	-2,1330
5,3050	-2,1325
5,3100	-2,1320
5,3150	-2,1315
5,3200	-2,1310
5,3250	-2,1310
5,3300	-2,1315
5,3350	-2,1317
5,3400	-2,1320
5,3450	-2,1322
5,3500	-2,1332
5,3550	-2,1330
5,3600	-2,1320
5,3650	-2,1330
5,3700	-2,1325
5,3750	-2,1315
5,3800	-2,1312
5,3850	-2,1312
5,3900	-2,1310
5,3950	-2,1310
5,4000	-2,1320
5,4050	-2,1325
5,4100	-2,1325
5,4150	-2,1322
5,4200	-2,1322
5,4250	-2,1322
5,4300	-2,1320
5,4350	-2,1320
5,4400	-2,1320
5,4450	-2,1317
5,4500	-2,1325
5,4550	-2,1330
5,4600	-2,1325
5,4650	-2,1332
5,4700	-2,1337
5,4750	-2,1337
5,4800	-2,1330
5,4850	-2,1330
5,4900	-2,1335
5,4950	-2,1325
5,5000	-2,1320
5,5050	-2,1320
5,5100	-2,1320
5,5150	-2,1320
5,5200	-2,1317
5,5250	-2,1317
5,5300	-2,1315
5,5350	-2,1312
5,5400	-2,1312
5,5450	-2,1312
5,5500	-2,1315
5,5550	-2,1312
5,5600	-2,1312
5,5650	-2,1315
5,5700	-2,1325
5,5750	-2,1322
5,5800	-2,1347
5,5850	-2,1375
5,5900	-2,1330
5,5950	-2,1350
5,6000	-2,1375
5,6050	-2,1362
5,6100	-2,1370
5,6150	-2,1375
5,6200	-2,1375
5,6250	-2,1385
5,6300	-2,1387
5,6350	-2,1380
5,6400	-2,1385
5,6450	-2,1382
5,6500	-2,1375
5,6550	-2,1370
5,6600	-2,1370
5,6650	-2,1372
5,6700	-2,1365
5,6750	-2,1367
5,6800	-2,1370
5,6850	-2,1362
5,6900	-2,1355
5,6950	-2,1355
5,7000	-2,1360
5,7050	-2,1352
5,7100	-2,1352
5,7150	-2,1355
5,7200	-2,1360
5,7250	-2,1352
5,7300	-2,1340
5,7350	-2,1342
5,7400	-2,1332
5,7450	-2,1317
5,7500	-2,1305
5,7550	-2,1292
5,7600	-2,1290
5,7650	-2,1300
5,7700	-2,1290
5,7750	-2,1290
5,7800	-2,1297
5,7850	-2,1285
5,7900	-2,1287
5,7950	-2,1300
5,8000	-2,1320
5,8050	-2,1320
5,8100	-2,1315
5,8150	-2,1322
5,8200	-2,1315
5,8250	-2,1312
5,8300	-2,1320
5,8350	-2,1300
5,8400	-2,1290
5,8450	-2,1297
5,8500	-2,1287
5,8550	-2,1287
5,8600	-2,1295
5,8650	-2,1285
5,8700	-2,1287
5,8750	-2,1295
5,8800	-2,1297
5,8850	-2,1307
5,8900	-2,1312
5,8950	-2,1305
5,9000	-2,1310
5,9050	-2,1310
5,9100	-2,1302
5,9150	-2,1307
5,9200	-2,1305
5,9250	-2,1300
5,9300	-2,1302
5,9350	-2,1300
5,9400	-2,1300
5,9450	-2,1307
5,9500	-2,1305
5,9550	-2,1300
5,9600	-2,1307
5,9650	-2,1315
5,9700	-2,1315
5,9750	-2,1310
5,9800	-2,1327
5,9850	-2,1332
5,9900	-2,1310
5,9950	-2,1327
6,0000	-2,1325
6,0050	-2,1305
6,0100	-2,1325
6,0150	-2,1320
6,0200	-2,1305
6,0250	-2,1325
6,0300	-2,1317
6,0350	-2,1305
6,0400	-2,1312
6,0450	-2,1302
6,0500	-2,1295
6,0550	-2,1302
6,0600	-2,1295
6,0650	-2,1297
6,0700	-2,1305
6,0750	-2,1295
6,0800	-2,1295
6,0850	-2,1300
6,0900	-2,1292
6,0950	-2,1292
6,1000	-2,1295
6,1050	-2,1285
6,1100	-2,1290
6,1150	-2,1290
6,1200	-2,1280
6,1250	-2,1287
6,1300	-2,1290
6,1350	-2,1280
6,1400	-2,1290
6,1450	-2,1287
6,1500	-2,1282
6,1550	-2,1302
6,1600	-2,1302
6,1650	-2,1292
6,1700	-2,1307
6,1750	-2,1310
6,1800	-2,1310
6,1850	-2,1310
6,1900	-2,1307
6,1950	-2,1305
6,2000	-2,1305
6,2050	-2,1305
6,2100	-2,1302
6,2150	-2,1302
6,2200	-2,1300
6,2250	-2,1300
6,2300	-2,1300
6,2350	-2,1297
6,2400	-2,1282
6,2450	-2,1270
6,2500	-2,1280
6,2550	-2,1270
6,2600	-2,1260
6,2650	-2,1260
6,2700	-2,1257
6,2750	-2,1257
6,2800	-2,1257
6,2850	-2,1255
6,2900	-2,1250
6,2950	-2,1242
6,3000	-2,1245
6,3050	-2,1237
6,3100	-2,1230
6,3150	-2,1230
6,3200	-2,1217
6,3250	-2,1212
6,3300	-2,1222
6,3350	-2,1222
6,3400	-2,1227
6,3450	-2,1240
6,3500	-2,1235
6,3550	-2,1232
6,3600	-2,1237
6,3650	-2,1230
6,3700	-2,1230
6,3750	-2,1235
6,3800	-2,1237
6,3850	-2,1240
6,3900	-2,1242
6,3950	-2,1240
6,4000	-2,1242
6,4050	-2,1245
6,4100	-2,1245
6,4150	-2,1250
6,4200	-2,1250
6,4250	-2,1245
6,4300	-2,1250
6,4350	-2,1262
6,4400	-2,1280
6,4450	-2,1320
6,4500	-2,1370
6,4550	-2,1430
6,4600	-2,1475
6,4650	-2,1510
6,4700	-2,1537
6,4750	-2,1555
6,4800	-2,1570
6,4850	-2,1580
6,4900	-2,1615
6,4950	-2,1672
6,5000	-2,1765
6,5050	-2,1917
6,5100	-2,2095
6,5150	-2,2265
6,5200	-2,2432
6,5250	-2,2445
6,5300	-2,2442
6,5350	-2,2450
6,5400	-2,2440
6,5450	-2,2440
6,5500	-2,2447
6,5550	-2,2435
6,5600	-2,2437
6,5650	-2,2442
6,5700	-2,2430
6,5750	-2,2435
6,5800	-2,2437
6,5850	-2,2425
6,5900	-2,2407
6,5950	-2,2392
6,6000	-2,2390
6,6050	-2,2372
6,6100	-2,2372
6,6150	-2,2385
6,6200	-2,2367
6,6250	-2,2370
6,6300	-2,2380
6,6350	-2,2362
6,6400	-2,2367
6,6450	-2,2375
6,6500	-2,2357
6,6550	-2,2365
6,6600	-2,2367
6,6650	-2,2352
6,6700	-2,2367
6,6750	-2,2385
6,6800	-2,2402
6,6850	-2,2410
6,6900	-2,2412
6,6950	-2,2415
6,7000	-2,2412
6,7050	-2,2412
6,7100	-2,2410
6,7150	-2,2410
6,7200	-2,2407
6,7250	-2,2407
6,7300	-2,2405
6,7350	-2,2405
6,7400	-2,2402
6,7450	-2,2400
6,7500	-2,2400
6,7550	-2,2397
6,7600	-2,2395
6,7650	-2,2390
6,7700	-2,2385
6,7750	-2,2375
6,7800	-2,2362
6,7850	-2,2355
6,7900	-2,2350
6,7950	-2,2340
6,8000	-2,2330
6,8050	-2,2322
6,8100	-2,2327
6,8150	-2,2320
6,8200	-2,2320
6,8250	-2,2325
6,8300	-2,2317
6,8350	-2,2315
6,8400	-2,2322
6,8450	-2,2330
6,8500	-2,2330
6,8550	-2,2325
6,8600	-2,2330
6,8650	-2,2335
6,8700	-2,2335
6,8750	-2,2330
6,8800	-2,2330
6,8850	-2,2335
6,8900	-2,2337
6,8950	-2,2332
6,9000	-2,2330
6,9050	-2,2335
6,9100	-2,2335
6,9150	-2,2335
6,9200	-2,2335
6,9250	-2,2337
6,9300	-2,2337
6,9350	-2,2335
6,9400	-2,2342
6,9450	-2,2347
6,9500	-2,2347
6,9550	-2,2342
6,9600	-2,2355
6,9650	-2,2365
6,9700	-2,2362
6,9750	-2,2365
6,9800	-2,2372
6,9850	-2,2385
6,9900	-2,2400
6,9950	-2,2415
7,0000	-2,2425
7,0050	-2,2460
7,0100	-2,2502
7,0150	-2,2550
7,0200	-2,2560
7,0250	-2,2567
7,0300	-2,2592
7,0350	-2,2595
7,0400	-2,2592
7,0450	-2,2592
7,0500	-2,2595
7,0550	-2,2597
7,0600	-2,2597
7,0650	-2,2605
7,0700	-2,2610
7,0750	-2,2615
7,0800	-2,2612
7,0850	-2,2620
7,0900	-2,2627
7,0950	-2,2622
7,1000	-2,2622
7,1050	-2,2622
7,1100	-2,2617
7,1150	-2,2610
7,1200	-2,2600
7,1250	-2,2592
7,1300	-2,2592
7,1350	-2,2587
7,1400	-2,2572
7,1450	-2,2565
7,1500	-2,2562
7,1550	-2,2557
7,1600	-2,2547
7,1650	-2,2547
7,1700	-2,2540
7,1750	-2,2502
7,1800	-2,2497
7,1850	-2,2495
7,1900	-2,2487
7,1950	-2,2480
7,2000	-2,2477
7,2050	-2,2480
7,2100	-2,2475
7,2150	-2,2470
7,2200	-2,2465
7,2250	-2,2470
7,2300	-2,2465
7,2350	-2,2462
7,2400	-2,2465
7,2450	-2,2460
7,2500	-2,2460
7,2550	-2,2465
7,2600	-2,2462
7,2650	-2,2465
7,2700	-2,2467
7,2750	-2,2465
7,2800	-2,2465
7,2850	-2,2467
7,2900	-2,2462
7,2950	-2,2462
7,3000	-2,2465
7,3050	-2,2457
7,3100	-2,2455
7,3150	-2,2460
7,3200	-2,2477
7,3250	-2,2477
7,3300	-2,2477
7,3350	-2,2485
7,3400	-2,2477
7,3450	-2,2475
7,3500	-2,2480
7,3550	-2,2472
7,3600	-2,2467
7,3650	-2,2467
7,3700	-2,2465
7,3750	-2,2460
7,3800	-2,2452
7,3850	-2,2437
7,3900	-2,2432
7,3950	-2,2430
7,4000	-2,2425
7,4050	-2,2415
7,4100	-2,2410
7,4150	-2,2407
7,4200	-2,2402
7,4250	-2,2402
7,4300	-2,2402
7,4350	-2,2397
7,4400	-2,2397
7,4450	-2,2397
7,4500	-2,2392
7,4550	-2,2395
7,4600	-2,2395
7,4650	-2,2387
7,4700	-2,2390
7,4750	-2,2390
7,4800	-2,2382
7,4850	-2,2385
7,4900	-2,2385
7,4950	-2,2382
7,5000	-2,2387
7,5050	-2,2385
7,5100	-2,2380
7,5150	-2,2392
7,5200	-2,2387
7,5250	-2,2385
7,5300	-2,2400
7,5350	-2,2417
7,5400	-2,2437
7,5450	-2,2462
7,5500	-2,2495
7,5550	-2,2535
7,5600	-2,2570
7,5650	-2,2592
7,5700	-2,2607
7,5750	-2,2627
7,5800	-2,2657
7,5850	-2,2685
7,5900	-2,2695
7,5950	-2,2705
7,6000	-2,2707
7,6050	-2,2695
7,6100	-2,2700
7,6150	-2,2702
7,6200	-2,2690
7,6250	-2,2697
7,6300	-2,2697
7,6350	-2,2685
7,6400	-2,2695
7,6450	-2,2690
7,6500	-2,2680
7,6550	-2,2690
7,6600	-2,2675
7,6650	-2,2632
7,6700	-2,2560
7,6750	-2,2525
7,6800	-2,2497
7,6850	-2,2480
7,6900	-2,2472
7,6950	-2,2465
7,7000	-2,2460
7,7050	-2,2462
7,7100	-2,2455
7,7150	-2,2445
7,7200	-2,2430
7,7250	-2,2437
7,7300	-2,2432
7,7350	-2,2422
7,7400	-2,2435
7,7450	-2,2427
7,7500	-2,2420
7,7550	-2,2422
7,7600	-2,2417
7,7650	-2,2415
7,7700	-2,2420
7,7750	-2,2412
7,7800	-2,2410
7,7850	-2,2415
7,7900	-2,2407
7,7950	-2,2415
7,8000	-2,2425
7,8050	-2,2422
7,8100	-2,2427
7,8150	-2,2432
7,8200	-2,2420
7,8250	-2,2427
7,8300	-2,2440
7,8350	-2,2445
7,8400	-2,2452
7,8450	-2,2475
7,8500	-2,2525
7,8550	-2,2535
7,8600	-2,2537
7,8650	-2,2540
7,8700	-2,2547
7,8750	-2,2560
7,8800	-2,2577
7,8850	-2,2565
7,8900	-2,2565
7,8950	-2,2575
7,9000	-2,2560
7,9050	-2,2560
7,9100	-2,2570
7,9150	-2,2555
7,9200	-2,2557
7,9250	-2,2560
7,9300	-2,2537
7,9350	-2,2530
7,9400	-2,2530
7,9450	-2,2530
7,9500	-2,2525
7,9550	-2,2492
7,9600	-2,2442
7,9650	-2,2430
7,9700	-2,2425
7,9750	-2,2422
7,9800	-2,2417
7,9850	-2,2407
7,9900	-2,2392
7,9950	-2,2382
